---------------------------------------------
Run case  1: [Run1]
alpha -> CL = 0.40000
beta -> beta = 0.00000
pb/2V -> pb/2V = 0.00000
qc/2V -> qc/2V = 0.00000
rb/2V -> rb/2V = 0.00000

alpha = 0.00000 deg
beta = 0.00000 deg
pb/2V = 0.00000
qc/2V = 0.00000
rb/2V = 0.00000
CL = 0.00000
CDo = 0.00000
bank = 0.00000 deg
elevation = 0.00000 deg
heading = 0.00000 deg
Mach = 0.50000
density = 0.73612 kg/m^3
grav.acc. = 9.81000 m/s^2
